waypoints:
- latitude: 38.161491054181276
  longitude: -122.45464431092836
  yaw: 0.0